-0.01 0
0.01 23
0.03 32
0.05 21
0.07 25
0.09 33
0.11 43
0.13 30
0.15 48
0.17 49
0.19 42
0.21 37
0.23 49
0.25 58
0.27 46
0.29 64
0.31 58
0.33 75
0.35 60
0.37 77
0.39 60
0.41 80
0.43 96
0.45 92
0.47 102
0.49 114
0.51 91
0.53 101
0.55 117
0.57 114
0.59 138
0.61 112
0.63 129
0.65 111
0.67 144
0.69 113
0.71 139
0.73 140
0.75 150
0.77 150
0.79 148
0.81 179
0.83 161
0.85 162
0.87 162
0.89 167
0.91 173
0.93 169
0.95 161
0.97 159
0.99 180
1.01 173
1.03 154
1.05 157
1.07 179
1.09 188
1.11 156
1.13 163
1.15 165
1.17 153
1.19 168
1.21 175
1.23 152
1.25 142
1.27 130
1.29 120
1.31 138
1.33 139
1.35 129
1.37 126
1.39 101
1.41 126
1.43 112
1.45 114
1.47 96
1.49 103
1.51 101
1.53 110
1.55 89
1.57 69
1.59 90
1.61 71
1.63 71
1.65 73
1.67 58
1.69 85
1.71 65
1.73 57
1.75 53
1.77 53
1.79 57
1.81 50
1.83 42
1.85 37
1.87 38
1.89 38
1.91 28
1.93 38
1.95 27
1.97 32
